      0.74286773      -0.14823942     -0.079070191 
      0.54948678       0.15669117     -0.063075721 
      0.23689896       0.11464364      0.012453699 
     -0.35751632      0.097047519      -0.12552968 
     -0.77907776       0.31921387     -0.038482606 
     -0.85604161       0.28974652      -0.13313458 
      -1.0178658     -0.081616273     -0.091099615 
      -1.0086619      -0.13506784      -0.11677677 
     -0.74299646      0.035338498      -0.19614587 
     -0.38586695      0.094682298       0.18619909 
     -0.15445676      -0.16227760      0.062267054 
     0.059082085      -0.13182810      -0.20168134 
     0.063002414      -0.29257627       0.16221652 
      0.10725134      -0.15397975       0.30918151 
      0.14597221      -0.16061965       0.21598198 
      0.23258742     -0.034480119       0.17059111 
      0.48892968       0.17590196     -0.038567405 
      0.75369906       0.49196082      -0.16953111 
      0.82821711       0.49953397      -0.21307411 
      0.65543788       0.35951921       0.21378655 
      0.28910773       0.12324273       0.25057961 
      0.30688734    -0.0080702488      0.094337485 
      0.24923890      0.086169288     -0.030385162 
      0.28754702     -0.075809866      -0.16389386 
      0.18779703      0.045264892      -0.38887086 
     0.011915410       0.19745176      -0.19664795 
     -0.15244268      0.044106515     -0.096315299 
     -0.34470630    -0.0090688953      -0.22247868 
     -0.44824429       0.33426185     -0.027444861 
     -0.52324366       0.39474753       0.11379874 
     -0.16957462       0.30717645       0.12514653 
      0.30239785     -0.086171269       0.11125071 
      0.64925857      -0.37063964    -0.0019703028 
      0.78618403     -0.088720377     -0.072972793 
      0.78782251      0.074761045     -0.037597484 
      0.87520361     -0.097152596     0.0063751480 
      0.81701306      -0.18626955     -0.017649418 
      0.43207261      -0.22476553      -0.25625170 
      0.28859663      0.015781681     -0.057233317 
      0.24107202       0.16117421       0.15349476 
      0.22694860     -0.046391227       0.16314244 
      0.30561700      -0.21264056       0.24147034 
      0.60588240      -0.28712004       0.21281053 
      0.52443452      -0.35952910      0.088878778 
      0.51754314     -0.033171756       0.14367462 
      0.30192200       0.20711256       0.19207999 
      0.27250505       0.33050761     -0.088094893 
      0.19980997       0.15264011     -0.047533962 
      0.14405930       0.13248488       0.18833604 
     0.036670260       0.17055465       0.18710940 
    0.0066439881      0.046489876       0.13464221 
     0.010421365     -0.050777366      -0.23973591 
      0.17054394     0.0092311175      -0.31336785 
      0.19492033      0.070056178     -0.026940880 
      0.19384722      0.056759263      0.074313142 
    0.0080641082       0.13239871       0.12387139 
    -0.098841729     -0.055332268     0.0046980505 
     -0.16518760      -0.42407166      -0.15994146 
     -0.64448089      -0.16750986      -0.10756411 
     -0.77984595     -0.029627664      -0.11274197 
     -0.81320276      0.071272662     -0.014921626 
     -0.78428705      0.050820551      -0.11845096 
     -0.87127061     -0.066221517      -0.12537303 
     -0.76178551     -0.071379749      -0.19968907 
     -0.47908308       0.10629149      -0.15329929 
    -0.040963626       0.12343350       0.18815213 
      0.21638952      -0.33628394     -0.084167611 
      0.39097158      -0.47921881     -0.081703478 
      0.47299303      -0.34673545      -0.13965511 
      0.57108474       0.11511013      -0.15304547 
      0.73799101       0.17009921      0.032580776 
      0.70258390       0.13443955      0.034444437 
      0.33297521      0.079344948      -0.14187812 
     0.033380412    -0.0088266912      -0.14507775 
     -0.22931877      0.059595565      -0.22483148 
     -0.42478890      -0.11426796      0.076919414 
     -0.20320708     -0.063082388       0.33543459 
    -0.055421107     -0.047470529       0.28489770 
      0.15050110      0.012754324      0.092912255 
      0.10584795     -0.053937410      0.034618107 
      0.13155458      -0.12807793       0.15874048 
      0.13978922      0.023888326       0.18991684 
     0.086683117       0.14132620     -0.078037844 
     0.094438757      0.079424991      -0.29280899 
      0.30342953      -0.14041118      -0.13231830 
      0.31407935      -0.22099978      -0.24752878 
      0.43137525      -0.25927063     -0.097674183 
      0.28768022      -0.21585255       0.27107180 
     -0.12263302      -0.28153311      -0.13652388 
     -0.49495379      -0.23051022      -0.41902264 
     -0.67641291      -0.33997666      0.066192990 
     -0.57287376      -0.52540738    -0.0082720579 
     -0.18286010      -0.43979125     0.0061966948 
      0.10055921     -0.066053746       0.10322713 
      0.45422225       0.12562275     -0.099600683 
      0.71753648       0.19652961      -0.21181664 
      0.80680511       0.29755198      -0.25287329 
      0.75837441       0.63050818      0.010877802 
      0.74917380       0.46125815       0.35577525 
      0.51353344       0.34314605       0.17054316 
      0.14187444       0.20953410      -0.14248345 
    -0.030044689       0.50024052      -0.24336313 
     0.012715980       0.37060423     0.0033444072 
      0.20436781     -0.022638181       0.25180429 
      0.26477437      0.081133632     -0.090016567 
      0.18942606       0.27074244      0.044990598 
     0.054632816      0.013696820       0.18481395 
     0.037574746     -0.055888149       0.23814328 
    -0.017132453      -0.15484148       0.22142114 
    -0.091920180      -0.21063921      0.058143060 
     0.031105113      -0.21726128       0.10313827 
      0.23019671      -0.16487881       0.13133348 
      0.20692261     0.0021202131       0.15326194 
     0.048888235       0.11472588      -0.16753199 
     -0.31753086     -0.011069566     -0.060598174 
     -0.57820475      -0.20014389      0.058977880 
     -0.58368153     -0.051495181      0.037926824 
     -0.71522543      -0.16526875       0.15107459 
     -0.78042022      -0.19820612       0.24236624 
      -1.0543527     -0.068263886       0.10924306 
      -1.1165245      0.013931733     -0.039535925 
      -1.0514411      0.098054466      -0.26162335 
     -0.55532190      0.063215602     -0.030807879 
     0.014575711     -0.023431340       0.20969257 
      0.45557118       0.13224172       0.14406618 
      0.53327025       0.33295967       0.23438835 
      0.41369697       0.24276866       0.26470476 
      0.46758305      0.090002434       0.12903632 
      0.29475567      0.085520093      -0.15829624 
      0.30380204       0.16152764      -0.24504258 
      0.22964596     -0.032518791      -0.31759595 
     0.020347524      0.012571689      -0.37770399 
      0.18981318      -0.22799480      -0.28659743 
      0.30326530      -0.37234694      -0.14268768 
      0.37500790      -0.27260621      0.048647280 
      0.47890797      -0.23224137     -0.053569944 
      0.40252853     -0.037419917      -0.14299662 
      0.22750042       0.18050063      -0.19829447 
    -0.043166926       0.19489060      -0.35527542 
     -0.18775752       0.21727801      -0.31767610 
     -0.12251035      0.091125783     -0.010433678 
   -0.0022674474       0.11916172       0.13041438 
    -0.085901126       0.27775605       0.32396843 
     -0.11243918       0.24939085       0.25981015 
    -0.091808682       0.32605684      -0.17468862 
     -0.27951993       0.21198716      -0.32068190 
     -0.50510820       0.22071632      -0.21635407 
     -0.39905234       0.24809541      -0.14589543 
     -0.35966566       0.28971058     -0.074135830 
     -0.36167916       0.21814306     -0.017548583 
     -0.42076119      0.096367589      -0.22845324 
     -0.49908196     -0.069024075     -0.019646724 
     -0.40858174      -0.26777018      0.036799608 
     -0.33666003      -0.30750956      -0.11856297 
    -0.061300340      -0.37056024      -0.18038875 
     0.078190367      -0.25164015     -0.023034810 
    -0.092744474      -0.16342437     0.0020225547 
     -0.24371556       0.21025476      0.039704989 
     -0.35563968       0.15063234      0.023142526 
     -0.21269858      0.022670993      -0.15974298 
     0.031096359       0.14703034      -0.33719935 
      0.28120513       0.39382274      -0.12304857 
      0.45833878       0.49022998       0.23080180 
      0.60970438       0.50162014     -0.061809896 
      0.52539387       0.45318252      -0.33816710 
      0.41472484       0.37284733     -0.066258427 
      0.17021547       0.16526660       0.28602633 
     -0.12635775      -0.11254650       0.17185573 
     -0.29990460     -0.075710523       0.12185538 
     -0.48743270      0.060111262      0.090475828 
     -0.60145966       0.26348451     -0.087052648 
     -0.32146725       0.38768972      0.017680748 
     -0.29607804       0.62130469       0.17294695 
     -0.24763589       0.54779769      0.065034646 
     -0.43235302       0.28115492      -0.12486235 
     -0.48231524       0.35742835      -0.18666496 
     -0.31540039       0.29394089    0.00056458874 
    -0.080890115       0.22049192      0.037385992 
      0.22208106     -0.047054077      -0.18901533 
      0.49500902      -0.10066039     -0.072934281 
      0.55174763      0.012298293     -0.095476630 
      0.70003628       0.11330890      -0.10455595 
      0.45976538      0.083540975      -0.17055042 
      0.16389009      0.067285562      0.029516129 
      0.16024410       0.12539936      0.034442036 
     0.077234441     0.0060991649      0.037037221 
    -0.018835302     -0.091981175       0.11762318 
    -0.060178958      -0.12262436       0.16283722 
     0.044625711     -0.082600251      -0.13402044 
      0.34129944      -0.23413939     -0.034487767 
      0.31252898     -0.060511130       0.22773581 
      0.19060762      -0.20260448      0.095958524 
     0.084358322      -0.31696829      0.057922707 
    -0.050075069      -0.12898562       0.13958134 
      0.22825505     -0.051168369     -0.043404695 
      0.47165402      0.099112231      -0.18357637 
      0.37720295       0.27674649     -0.062130369 
     0.092332242       0.26499502     -0.064849546 
     -0.34862987       0.13663875     -0.097932660 
     -0.98450053     -0.072897568      -0.34987092 
      -1.4497999     -0.067370458      -0.24963013 
      -1.4812952       0.14089756      0.022134085 
      -1.2182323       0.30556780    -0.0021218246 
     -0.84249555       0.34308362       0.20665036 
     -0.45496397       0.17525270       0.36396515 
    -0.031366948      0.033885270       0.11887601 
      0.49105149    0.00010306161       0.12140019 
      0.66494570     -0.018800591       0.21272509 
      0.58824852      -0.19227540      0.062662966 
      0.53316120      0.016924406      -0.17586694 
      0.28642410       0.15243365      -0.19005950 
     0.013830168       0.14896043      0.064068839 
     -0.13740923      -0.12709518     -0.091649497 
     -0.46472297      -0.25847703      -0.11959294 
     -0.72296815      -0.22687039      0.026476932 
     -0.68726892      -0.12204580       0.11372565 
     -0.59055802      -0.11432053     -0.078997986 
     -0.52316493     -0.075606355      -0.17372985 
     -0.53259203      -0.30856500     -0.094021262 
     -0.38784879      -0.17868539     -0.047317928 
    -0.020023520     -0.054326786      -0.13273614 
      0.41441930      -0.22467297    -0.0078618919 
      0.78262138      -0.34410824      -0.14232812 
       1.2263838      -0.48098244     -0.019887720 
       1.4093490      -0.52822774       0.15029624 
       1.3554370      -0.55141151     -0.055895573 
       1.2546027      -0.42895201       0.35897900 
      0.97127794      -0.36466066       0.27886573 
      0.44905678     -0.027992106      -0.14093936 
    -0.073157774      -0.10207155      -0.23992035 
     -0.21000656      -0.19090528     -0.071897149 
     0.076901211      -0.11540559       0.10702561 
      0.41790428      0.045207167       0.16950522 
      0.49452334       0.22556921      0.088426463 
      0.60048615       0.12879164       0.14508535 
      0.55694355       0.11202842    -0.0041200483 
      0.44319948      -0.31137617      -0.19363414 
      0.21290818      -0.36951124      -0.13377762 
    -0.083679955      -0.12430354      -0.30532875 
     -0.45198612       0.20311869     0.0044785683 
     -0.59561296       0.22393857       0.28163490 
     -0.48209329       0.11146568       0.13610324 
     -0.47060555    -0.0038911637       0.11280483 
     -0.35723477      -0.25376143      0.086482951 
     -0.36017722      -0.30661645      0.075778514 
     -0.29524989      -0.30399379     -0.058947049 
     -0.34995738     -0.085871928    -0.0032243683 
     -0.40099489       0.10901316      0.030246086 
     -0.39717145     -0.010808758      -0.26946169 
     -0.43787606      0.048860360     -0.082604095 
